0.000000e+00	0.000000e+00	9.416913e+01	0.000000e+00	9.416913e+01
1.000000e+00	5.611614e-04	9.048586e+01	0.000000e+00	9.050760e+01
2.000000e+00	3.984756e-03	8.035634e+01	0.000000e+00	8.042614e+01
3.000000e+00	1.108578e-02	6.629334e+01	0.000000e+00	6.639560e+01
4.000000e+00	2.047335e-02	5.171057e+01	0.000000e+00	5.178949e+01
5.000000e+00	3.076230e-02	3.984058e+01	0.000000e+00	3.984184e+01
6.000000e+00	4.295415e-02	3.225215e+01	0.000000e+00	3.218991e+01
7.000000e+00	5.896670e-02	2.794177e+01	0.000000e+00	2.789541e+01
8.000000e+00	7.820237e-02	2.488679e+01	0.000000e+00	2.490834e+01
9.000000e+00	9.887071e-02	2.216054e+01	0.000000e+00	2.224054e+01
1.000000e+01	1.214959e-01	1.991437e+01	0.000000e+00	2.001578e+01
1.100000e+01	1.484142e-01	1.834044e+01	0.000000e+00	1.842897e+01
1.200000e+01	1.802376e-01	1.722122e+01	0.000000e+00	1.726996e+01
1.300000e+01	2.154713e-01	1.625973e+01	0.000000e+00	1.625385e+01
1.400000e+01	2.532968e-01	1.537207e+01	0.000000e+00	1.532743e+01
1.500000e+01	2.942569e-01	1.458854e+01	0.000000e+00	1.454962e+01
1.600000e+01	3.385869e-01	1.390208e+01	0.000000e+00	1.390058e+01
1.700000e+01	3.861417e-01	1.328974e+01	0.000000e+00	1.331290e+01
1.800000e+01	4.377871e-01	1.276567e+01	0.000000e+00	1.277938e+01
1.900000e+01	4.943867e-01	1.233157e+01	0.000000e+00	1.232895e+01
2.000000e+01	5.541352e-01	1.192563e+01	0.000000e+00	1.193963e+01
2.100000e+01	6.134730e-01	1.148056e+01	0.000000e+00	1.155065e+01
2.200000e+01	6.717659e-01	1.100951e+01	0.000000e+00	1.114677e+01
2.300000e+01	7.333778e-01	1.059435e+01	0.000000e+00	1.077587e+01
2.400000e+01	8.032161e-01	1.028858e+01	0.000000e+00	1.047828e+01
2.500000e+01	8.805103e-01	1.005560e+01	0.000000e+00	1.023370e+01
2.600000e+01	9.587106e-01	9.810776e+00	0.000000e+00	9.990391e+00
2.700000e+01	1.031694e+00	9.504680e+00	0.000000e+00	9.720511e+00
2.800000e+01	1.099524e+00	9.158928e+00	0.000000e+00	9.432317e+00
2.900000e+01	1.168153e+00	8.833727e+00	0.000000e+00	9.146561e+00
3.000000e+01	1.242729e+00	8.563609e+00	0.000000e+00	8.876840e+00
3.100000e+01	1.321066e+00	8.324621e+00	0.000000e+00	8.626439e+00
3.200000e+01	1.395795e+00	8.069484e+00	0.000000e+00	8.391948e+00
3.300000e+01	1.463910e+00	7.788551e+00	0.000000e+00	8.169664e+00
3.400000e+01	1.531634e+00	7.520833e+00	0.000000e+00	7.962616e+00
3.500000e+01	1.606465e+00	7.300038e+00	0.000000e+00	7.777817e+00
3.600000e+01	1.685660e+00	7.106722e+00	0.000000e+00	7.612764e+00
3.700000e+01	1.758549e+00	6.895037e+00	0.000000e+00	7.450848e+00
3.800000e+01	1.821259e+00	6.655982e+00	0.000000e+00	7.277379e+00
3.900000e+01	1.882884e+00	6.427488e+00	0.000000e+00	7.096082e+00
4.000000e+01	1.952547e+00	6.238244e+00	0.000000e+00	6.922161e+00
4.100000e+01	2.024642e+00	6.065527e+00	0.000000e+00	6.761655e+00
4.200000e+01	2.085201e+00	5.868103e+00	0.000000e+00	6.607067e+00
4.300000e+01	2.131579e+00	5.644267e+00	0.000000e+00	6.453086e+00
4.400000e+01	2.177378e+00	5.433539e+00	0.000000e+00	6.305019e+00
4.500000e+01	2.234375e+00	5.262555e+00	0.000000e+00	6.166770e+00
4.600000e+01	2.295893e+00	5.110905e+00	0.000000e+00	6.030376e+00
4.700000e+01	2.345874e+00	4.942395e+00	0.000000e+00	5.887079e+00
4.800000e+01	2.380344e+00	4.752366e+00	0.000000e+00	5.743777e+00
4.900000e+01	2.411117e+00	4.567184e+00	0.000000e+00	5.617332e+00
5.000000e+01	2.447462e+00	4.403553e+00	0.000000e+00	5.511458e+00
5.100000e+01	2.482259e+00	4.246826e+00	0.000000e+00	5.408807e+00
5.200000e+01	2.503257e+00	4.076661e+00	0.000000e+00	5.290755e+00
5.300000e+01	2.512987e+00	3.899450e+00	0.000000e+00	5.158858e+00
5.400000e+01	2.527566e+00	3.740628e+00	0.000000e+00	5.031522e+00
5.500000e+01	2.553446e+00	3.607424e+00	0.000000e+00	4.922116e+00
5.600000e+01	2.574723e+00	3.475493e+00	0.000000e+00	4.825523e+00
5.700000e+01	2.572554e+00	3.320791e+00	0.000000e+00	4.726390e+00
5.800000e+01	2.552344e+00	3.153370e+00	0.000000e+00	4.615678e+00
5.900000e+01	2.541551e+00	3.007835e+00	0.000000e+00	4.497870e+00
6.000000e+01	2.556528e+00	2.900562e+00	0.000000e+00	4.386005e+00
6.100000e+01	2.580917e+00	2.809553e+00	0.000000e+00	4.291298e+00
6.200000e+01	2.586987e+00	2.704240e+00	0.000000e+00	4.214199e+00
6.300000e+01	2.569287e+00	2.581133e+00	0.000000e+00	4.143060e+00
6.400000e+01	2.546232e+00	2.460410e+00	0.000000e+00	4.063686e+00
6.500000e+01	2.531907e+00	2.355276e+00	0.000000e+00	3.972695e+00
6.600000e+01	2.519126e+00	2.257940e+00	0.000000e+00	3.879993e+00
6.700000e+01	2.495585e+00	2.157248e+00	0.000000e+00	3.795370e+00
6.800000e+01	2.463979e+00	2.056092e+00	0.000000e+00	3.715191e+00
6.900000e+01	2.435878e+00	1.964128e+00	0.000000e+00	3.628698e+00
7.000000e+01	2.413625e+00	1.882537e+00	0.000000e+00	3.536667e+00
7.100000e+01	2.391249e+00	1.806059e+00	0.000000e+00	3.455018e+00
7.200000e+01	2.369794e+00	1.735200e+00	0.000000e+00	3.394962e+00
7.300000e+01	2.357063e+00	1.675200e+00	0.000000e+00	3.346284e+00
7.400000e+01	2.350978e+00	1.623876e+00	0.000000e+00	3.288886e+00
7.500000e+01	2.337205e+00	1.571055e+00	0.000000e+00	3.216499e+00
7.600000e+01	2.308304e+00	1.512129e+00	0.000000e+00	3.140410e+00
7.700000e+01	2.274175e+00	1.453992e+00	0.000000e+00	3.071664e+00
7.800000e+01	2.246926e+00	1.404234e+00	0.000000e+00	3.008743e+00
7.900000e+01	2.224056e+00	1.360844e+00	0.000000e+00	2.945364e+00
8.000000e+01	2.196327e+00	1.317948e+00	0.000000e+00	2.881816e+00
8.100000e+01	2.165136e+00	1.276371e+00	0.000000e+00	2.822810e+00
8.200000e+01	2.140029e+00	1.241586e+00	0.000000e+00	2.769547e+00
8.300000e+01	2.122213e+00	1.213964e+00	0.000000e+00	2.719659e+00
8.400000e+01	2.102793e+00	1.188183e+00	0.000000e+00	2.671556e+00
8.500000e+01	2.077120e+00	1.161557e+00	0.000000e+00	2.623786e+00
8.600000e+01	2.048990e+00	1.136160e+00	0.000000e+00	2.573340e+00
8.700000e+01	2.018870e+00	1.112142e+00	0.000000e+00	2.519918e+00
8.800000e+01	1.979657e+00	1.085478e+00	0.000000e+00	2.469510e+00
8.900000e+01	1.929918e+00	1.055282e+00	0.000000e+00	2.427959e+00
9.000000e+01	1.882084e+00	1.028187e+00	0.000000e+00	2.391925e+00
9.100000e+01	1.848482e+00	1.010736e+00	0.000000e+00	2.351895e+00
9.200000e+01	1.824512e+00	1.000275e+00	0.000000e+00	2.304106e+00
9.300000e+01	1.796106e+00	9.889791e-01	0.000000e+00	2.254877e+00
9.400000e+01	1.759763e+00	9.747420e-01	0.000000e+00	2.212630e+00
9.500000e+01	1.724653e+00	9.624499e-01	0.000000e+00	2.179149e+00
9.600000e+01	1.696378e+00	9.551219e-01	0.000000e+00	2.149823e+00
9.700000e+01	1.669013e+00	9.493587e-01	0.000000e+00	2.119574e+00
9.800000e+01	1.635780e+00	9.411460e-01	0.000000e+00	2.087023e+00
9.900000e+01	1.598305e+00	9.311760e-01	0.000000e+00	2.054592e+00
1.000000e+02	1.561046e+00	9.218386e-01	0.000000e+00	2.025202e+00
1.010000e+02	1.523929e+00	9.129487e-01	0.000000e+00	1.998149e+00
1.020000e+02	1.486598e+00	9.041476e-01	0.000000e+00	1.969401e+00
1.030000e+02	1.454309e+00	8.985363e-01	0.000000e+00	1.937374e+00
1.040000e+02	1.431640e+00	8.990009e-01	0.000000e+00	1.906343e+00
1.050000e+02	1.413157e+00	9.022456e-01	0.000000e+00	1.881311e+00
1.060000e+02	1.388517e+00	9.015720e-01	0.000000e+00	1.861066e+00
1.070000e+02	1.355671e+00	8.953054e-01	0.000000e+00	1.840155e+00
1.080000e+02	1.322253e+00	8.881747e-01	0.000000e+00	1.816742e+00
1.090000e+02	1.293972e+00	8.839387e-01	0.000000e+00	1.794323e+00
1.100000e+02	1.268493e+00	8.810322e-01	0.000000e+00	1.775672e+00
1.110000e+02	1.243195e+00	8.775862e-01	0.000000e+00	1.759025e+00
1.120000e+02	1.221938e+00	8.762625e-01	0.000000e+00	1.741347e+00
1.130000e+02	1.209151e+00	8.803102e-01	0.000000e+00	1.722247e+00
1.140000e+02	1.201837e+00	8.876756e-01	0.000000e+00	1.703366e+00
1.150000e+02	1.192953e+00	8.931333e-01	0.000000e+00	1.686355e+00
1.160000e+02	1.179683e+00	8.943786e-01	0.000000e+00	1.672813e+00
1.170000e+02	1.163949e+00	8.926465e-01	0.000000e+00	1.664284e+00
1.180000e+02	1.147653e+00	8.892425e-01	0.000000e+00	1.660765e+00
1.190000e+02	1.132194e+00	8.851499e-01	0.000000e+00	1.660048e+00
1.200000e+02	1.120606e+00	8.826834e-01	0.000000e+00	1.659369e+00
1.210000e+02	1.114629e+00	8.831950e-01	0.000000e+00	1.657456e+00
1.220000e+02	1.110662e+00	8.837869e-01	0.000000e+00	1.655174e+00
1.230000e+02	1.104127e+00	8.807203e-01	0.000000e+00	1.654625e+00
1.240000e+02	1.096865e+00	8.753602e-01	0.000000e+00	1.656810e+00
1.250000e+02	1.093882e+00	8.716226e-01	0.000000e+00	1.659547e+00
1.260000e+02	1.092812e+00	8.675314e-01	0.000000e+00	1.658903e+00
1.270000e+02	1.084472e+00	8.557462e-01	0.000000e+00	1.653698e+00
1.280000e+02	1.066101e+00	8.341890e-01	0.000000e+00	1.647492e+00
1.290000e+02	1.046928e+00	8.102547e-01	0.000000e+00	1.645411e+00
1.300000e+02	1.036606e+00	7.914089e-01	0.000000e+00	1.650734e+00
1.310000e+02	1.034417e+00	7.768774e-01	0.000000e+00	1.665404e+00
1.320000e+02	1.036683e+00	7.636590e-01	0.000000e+00	1.690712e+00
1.330000e+02	1.047253e+00	7.543358e-01	0.000000e+00	1.724885e+00
1.340000e+02	1.071022e+00	7.519053e-01	0.000000e+00	1.762653e+00
1.350000e+02	1.104010e+00	7.528418e-01	0.000000e+00	1.799903e+00
1.360000e+02	1.141642e+00	7.534447e-01	0.000000e+00	1.836521e+00
1.370000e+02	1.190714e+00	7.576042e-01	0.000000e+00	1.873056e+00
1.380000e+02	1.259951e+00	7.696659e-01	0.000000e+00	1.908840e+00
1.390000e+02	1.342783e+00	7.840124e-01	0.000000e+00	1.946863e+00
1.400000e+02	1.423549e+00	7.905615e-01	0.000000e+00	1.995303e+00
1.410000e+02	1.496809e+00	7.863820e-01	0.000000e+00	2.057481e+00
1.420000e+02	1.568018e+00	7.746474e-01	0.000000e+00	2.124514e+00
1.430000e+02	1.638838e+00	7.561468e-01	0.000000e+00	2.186627e+00
1.440000e+02	1.706523e+00	7.295838e-01	0.000000e+00	2.248070e+00
1.450000e+02	1.777406e+00	6.976165e-01	0.000000e+00	2.319241e+00
1.460000e+02	1.861970e+00	6.634837e-01	0.000000e+00	2.394226e+00
1.470000e+02	1.951560e+00	6.227236e-01	0.000000e+00	2.452566e+00
1.480000e+02	2.022650e+00	5.679181e-01	0.000000e+00	2.491555e+00
1.490000e+02	2.076492e+00	5.012776e-01	0.000000e+00	2.543122e+00
1.500000e+02	2.155891e+00	4.332403e-01	0.000000e+00	2.639118e+00
1.510000e+02	2.299636e+00	3.665561e-01	0.000000e+00	2.764021e+00
1.520000e+02	2.494409e+00	2.910305e-01	0.000000e+00	2.871280e+00
1.530000e+02	2.703350e+00	1.965432e-01	0.000000e+00	2.946582e+00
1.540000e+02	2.916634e+00	7.986212e-02	0.000000e+00	3.029418e+00
1.550000e+02	3.142750e+00	-6.106701e-02	0.000000e+00	3.158228e+00
1.560000e+02	3.372818e+00	-2.290421e-01	0.000000e+00	3.311355e+00
1.570000e+02	3.590235e+00	-4.245995e-01	0.000000e+00	3.435191e+00
1.580000e+02	3.804338e+00	-6.496510e-01	0.000000e+00	3.515436e+00
1.590000e+02	4.032205e+00	-9.102037e-01	0.000000e+00	3.585454e+00
1.600000e+02	4.245772e+00	-1.203944e+00	0.000000e+00	3.663676e+00
1.610000e+02	4.382879e+00	-1.510945e+00	0.000000e+00	3.719814e+00
1.620000e+02	4.423140e+00	-1.812847e+00	0.000000e+00	3.727645e+00
1.630000e+02	4.414264e+00	-2.117321e+00	0.000000e+00	3.715315e+00
1.640000e+02	4.394132e+00	-2.439020e+00	0.000000e+00	3.721743e+00
1.650000e+02	4.318384e+00	-2.751923e+00	0.000000e+00	3.727768e+00
1.660000e+02	4.121220e+00	-2.999221e+00	0.000000e+00	3.702268e+00
1.670000e+02	3.825172e+00	-3.169230e+00	0.000000e+00	3.708095e+00
1.680000e+02	3.529138e+00	-3.325150e+00	0.000000e+00	3.855752e+00
1.690000e+02	3.272885e+00	-3.509772e+00	0.000000e+00	4.111681e+00
1.700000e+02	2.991804e+00	-3.662208e+00	0.000000e+00	4.313012e+00
1.710000e+02	2.661324e+00	-3.737969e+00	0.000000e+00	4.428290e+00
1.720000e+02	2.386816e+00	-3.877770e+00	0.000000e+00	4.668187e+00
1.730000e+02	2.243028e+00	-4.265067e+00	0.000000e+00	5.184033e+00
1.740000e+02	2.102856e+00	-4.759676e+00	0.000000e+00	5.735771e+00
1.750000e+02	1.804346e+00	-4.983073e+00	0.000000e+00	5.917498e+00
1.760000e+02	1.356612e+00	-4.746276e+00	0.000000e+00	5.564786e+00
1.770000e+02	9.146892e-01	-4.310873e+00	0.000000e+00	4.938335e+00
1.780000e+02	5.932285e-01	-4.224298e+00	0.000000e+00	4.571172e+00
1.790000e+02	3.183700e-01	-4.553772e+00	0.000000e+00	4.647341e+00
1.800000e+02	5.833402e-16	-4.763334e+00	0.000000e+00	4.763334e+00
